from_stop_id,to_stop_id,transfer_type,min_transfer_time
3343783,7900450,2,214
3343776,7920959,2,270
3343796,4036201,2,224
3343761,8321640,2,230
3343755,7932007,2,267
3343755,7932008,2,187
3343777,7899413,2,207
3343777,7899412,2,253
3343777,7899415,2,256
3343770,7920897,2,213
3343777,7899414,2,243
3343777,967989,2,180
5478370,3343801,2,245
5478370,3343802,2,245
3343335,4037018,2,225
3343774,8007416,2,230
3343786,7921126,2,216
3343786,7921125,2,209
3343765,1166838,2,180
3343767,2224140,2,233
3343765,1166839,2,180
3343767,2224141,2,233
3343792,7920853,2,197
3343763,1980,2,180
3343792,7920854,2,215
3343767,2102,2,600
3343785,7931528,2,217
3343763,1982,2,180
3343785,7931527,2,197
3343785,7921125,2,209
3343785,7921126,2,216
3343777,7932202,2,217
3343762,2293,2,180
3343781,4044991,2,277
3343335,4473039,2,225
3343808,3686300,2,186
3343757,7945946,2,231
3343766,7913223,2,193
3343761,8321677,2,234
3343772,4036654,2,253
3343791,1698,2,180
3343777,6591526,2,229
3343779,7931524,2,286
3343764,2172,2,180
3343764,2170,2,180
3343788,6904251,2,193
3343756,7932008,2,187
3343756,7932007,2,267
3343776,2487,2,180
3343776,2488,2,180
3343779,7899590,2,266
3343762,8321677,2,234
3343334,4037018,2,225
3343756,2241,2,180
6591548,3343778,2,229
6591548,3343777,2,229
3343805,7899009,2,200
3343816,3686993,2,212
3343814,5688850,2,239
3343816,3686994,2,207
3343789,7931767,2,207
3343789,7931766,2,280
3343760,7931732,2,266
3343814,5688849,2,233
3343785,2063,2,180
3343785,2062,2,180
3343778,1647,2,180
3343815,7275719,2,203
3343761,7964960,2,244
3343785,7921173,2,205
3343776,4037046,2,270
3343755,1916,2,180
3343769,8007364,2,215
3343804,7986466,2,217
3343815,7275720,2,241
3343796,7898931,2,207
3343796,7898932,2,187
3343801,3813540,2,214
3343801,3813541,2,235
3343770,8007364,2,215
4723810,3343804,2,240
3343811,3619808,2,232
3343811,3619809,2,199
4723810,3343803,2,240
3343807,3663639,2,186
3343796,4036210,2,224
3686714,3343806,2,220
3686714,3343805,2,220
3343767,7931380,2,236
3343767,7931381,2,256
3343800,4036212,2,204
3343803,7986467,2,224
3343791,3926293,2,197
3343803,7986466,2,217
3343761,7964959,2,232
3343804,7986467,2,224
3343791,3926292,2,215
3343807,3663640,2,189
3343785,7921174,2,191
3343768,4036755,2,236
3343768,4036756,2,242
3343768,4036753,2,256
3343762,8321640,2,230
3343783,7986304,2,219
3343768,4036754,2,234
3343772,2457,2,180
3343768,4036752,2,249
3343767,4036658,2,256
3343771,8033023,2,253
3343767,4036657,2,236
3343777,2376,2,180
3343762,1897,2,180
3343777,2377,2,180
3343799,4036199,2,192
3343786,7986305,2,191
3343767,5138168,2,216
3343767,7946304,2,233
3343766,7932232,2,193
3343788,7921038,2,199
3343767,5138167,2,285
3343767,7946305,2,216
3343767,5138169,2,233
3343767,7946308,2,256
3343767,7946309,2,249
3343767,7946306,2,228
3343767,7946307,2,222
3343776,8007417,2,200
5478245,3343806,2,220
5478245,3343805,2,220
3343807,5675629,2,277
3343765,7913223,2,193
5478376,3343806,2,309
3343777,4037268,2,217
5478376,3343805,2,309
3343768,7900286,2,233
3343335,7911800,2,191
3343807,7931463,2,277
3343781,7931524,2,277
3343755,5121368,2,269
3343825,5675676,2,83
3343792,3926293,2,197
3343775,7275146,2,257
3343792,3926292,2,215
3343756,3812988,2,268
3343799,7946020,2,258
3343792,3747937,2,221
3343792,3747936,2,234
3343757,7931730,2,232
3343817,3619772,2,257
3343817,3619771,2,295
3343817,3619770,2,200
3343773,2001,2,180
3343767,2313,2,180
3343767,2314,2,180
3343799,7946019,2,258
3343807,3663669,2,189
3343757,7931729,2,200
3343786,4037265,2,209
3343786,2062,2,180
3343806,7931466,2,200
3343786,4037264,2,195
3343786,2063,2,180
3343812,3619808,2,232
3343775,7945912,2,257
3343812,3619809,2,199
3343776,7945889,2,270
3343817,3619377,2,236
3343755,2537,2,180
3343764,7991808,2,199
3343764,7991809,2,196
3343806,7986464,2,309
3343806,7986463,2,235
3343806,7986462,2,200
3343819,5675607,2,85
3343762,7991679,2,230
3343762,7991678,2,234
3343814,3619864,2,239
3343767,4459242,2,249
3343767,4459244,2,242
3343767,4459243,2,234
3343768,7900224,2,242
3343805,8219786,2,200
3343805,8219788,2,309
3343805,8219787,2,216
3343814,3619865,2,233
3343768,4008204,2,236
3343761,7991678,2,234
3343761,7991679,2,230
3343770,4036826,2,282
3343786,4037243,2,217
3343770,4036825,2,192
3343775,7931375,2,189
3343775,7931374,2,281
3343808,3663714,2,186
3343335,7920694,2,225
3343335,7920695,2,201
3343781,7931566,2,257
3343770,7991802,2,215
3343769,1702,2,180
3343774,7931375,2,268
3343774,7931376,2,198
3343817,3619730,2,236
3343776,7275146,2,257
3343817,3619739,2,200
4723806,3343801,2,269
4723806,3343802,2,269
3343785,7931772,2,215
3343785,7931771,2,205
3343768,1846,2,180
3343768,1847,2,180
3343771,1712,2,180
3343771,7920896,2,198
3343769,7920897,2,213
3343808,3686540,2,186
3343784,7900450,2,214
3343756,1916,2,180
3343804,5411275,2,217
3343757,7945990,2,231
3343807,3686539,2,308
3343757,7945989,2,207
3343764,7991810,2,245
3343807,5675654,2,189
3343807,3686540,2,186
3343808,3686539,2,308
3343338,7013424,2,189
3343338,7013425,2,203
3343799,3813542,2,261
3343799,3813543,2,198
3343825,3620258,2,83
3343825,3620259,2,85
3343757,7931984,2,264
3343808,3663565,2,189
3343762,7986263,2,282
3343807,3686300,2,186
3343806,7931513,2,227
3343786,7964945,2,195
3343786,7964946,2,215
3343776,7275216,2,270
3343757,7931789,2,207
3343818,3619898,2,236
3343757,7931788,2,232
3343784,4044992,2,200
3343777,1647,2,180
3343778,6591450,2,217
3343778,4037268,2,217
3343776,1678,2,180
3343776,1677,2,180
3343785,7964976,2,217
3343785,7964975,2,228
3343759,7931732,2,266
3343766,1166838,2,180
3343766,1166839,2,180
3343335,7913261,2,251
3343335,7913260,2,191
3343778,2527,2,180
3343807,3781668,2,297
3343807,3781667,2,186
3343787,7921171,2,241
3343783,7900275,2,214
3343787,7921172,2,209
3343785,4037243,2,217
5478374,3343803,2,198
3343335,7920835,2,191
5478374,3343804,2,198
3343763,4008208,2,222
3343810,3619913,2,191
3343810,3619914,2,203
3343818,3619878,2,200
3343799,4036212,2,204
3343782,4037267,2,257
3343772,7920896,2,198
3343776,7945912,2,257
3343785,7986278,2,209
3343784,7986304,2,219
3343768,3893340,2,256
3343786,7900239,2,197
3343795,2094,2,180
3343768,3893341,2,222
3343780,7899590,2,266
3343778,7170694,2,207
3343808,3663594,2,189
3343334,7920766,2,225
3343334,7920767,2,201
3343819,3620259,2,85
3343778,7932163,2,204
3343819,3620258,2,83
3343791,4037177,2,215
3343791,4037178,2,197
3343805,7931466,2,200
3343786,7900240,2,209
3343785,7986280,2,216
3343334,7920760,2,191
3343786,7900241,2,217
3343763,7932278,2,202
3343768,3893339,2,249
3343778,2376,2,180
3343818,3619377,2,236
3343767,1847,2,180
3343756,6591481,2,269
3343767,1846,2,180
3343799,3747949,2,192
3343799,3747948,2,217
3343791,2443,2,180
3343763,7653689,2,239
3343810,3619943,2,191
3343754,8367284,2,280
3343810,3619944,2,203
3343774,2190,2,180
3343785,4037264,2,195
3343785,7964946,2,215
3343785,4037265,2,209
3343786,7900449,2,209
3343777,2527,2,180
3343786,7900448,2,195
3343785,7964945,2,195
3343764,7899675,2,211
5478243,3343804,2,240
3343798,3747946,2,205
3343773,2190,2,180
3343798,3747947,2,195
3343755,6591481,2,269
5478243,3343803,2,240
3343769,7900034,2,199
3343799,3747963,2,274
3343757,7931751,2,252
3343795,7898931,2,207
3343775,4036981,2,257
3343767,8007411,2,249
3343767,8007412,2,234
3343795,7898932,2,187
3343786,7931771,2,205
3343786,7931772,2,215
3343819,3619720,2,147
3343800,3747948,2,217
3343800,3747949,2,192
3343825,3619719,2,161
3343795,4036201,2,224
3343792,2443,2,180
3343767,4008204,2,236
3343786,7900274,2,195
3343797,4036211,2,205
3343816,7275719,2,203
3343785,7900274,2,195
3343825,3619720,2,147
3343819,3619719,2,161
3343816,7275720,2,241
3343763,7653690,2,209
3343807,3686374,2,221
3343807,3686375,2,186
3343334,7911736,2,251
3343800,3747963,2,274
3343763,7932231,2,245
3343334,7920930,2,225
3343797,4036200,2,195
3343786,7964976,2,217
3343786,7964975,2,228
3343795,4036210,2,224
3343778,2377,2,180
3343763,7991810,2,245
3343797,3747947,2,195
3343768,7946308,2,256
3343797,3747946,2,205
3343768,7946307,2,222
3343768,7946309,2,249
3343768,7946304,2,233
3343785,7986305,2,191
3343768,7946306,2,228
3343768,7946305,2,216
3343764,7932231,2,245
3343796,3747943,2,224
3343796,3747942,2,224
3343815,3686993,2,212
3343815,3686994,2,207
3343810,3686543,2,286
3343784,4037266,2,196
3343763,7991808,2,199
3343810,3686546,2,191
3343763,7991809,2,196
3343810,3686545,2,203
3343767,4008283,2,225
3343789,3747935,2,240
3343789,3747934,2,242
3343784,7900275,2,214
3343808,3686375,2,186
3343808,3686374,2,221
3343767,7921066,2,233
3343767,7921067,2,270
3343768,7921091,2,249
3343767,7931331,2,242
3343768,7921092,2,222
3343774,7920895,2,198
3343768,7921093,2,216
3343808,8219783,2,277
5478241,3343801,2,269
5478241,3343802,2,269
3343806,7899009,2,200
3343808,8219784,2,189
3343767,7931329,2,249
3343335,3813503,2,243
3343335,3813502,2,217
3343802,3813540,2,214
3343769,7991802,2,215
3343767,7931330,2,234
3343761,8321709,2,234
3343767,7176245,2,240
3343802,3813541,2,235
3343771,7899991,2,253
3343767,7176246,2,240
3343768,3893344,2,233
3343772,8007415,2,195
3343765,7991806,2,226
3343768,3893342,2,228
3343768,3893343,2,216
3343773,7920895,2,198
3343762,7931862,2,192
3343787,7931769,2,200
3343772,7899991,2,253
3343768,5018223,2,249
3343767,7176291,2,249
3343762,7931861,2,209
3343808,7931515,2,186
3343783,7931526,2,200
3343801,7964987,2,267
3343768,7921067,2,270
3343767,2053,2,600
3343768,7921066,2,233
3343798,4036200,2,195
3343765,7991811,2,186
3343801,8219794,2,269
3343768,5138169,2,233
3343801,8219793,2,245
3343768,5138168,2,216
3343787,7931770,2,209
3343767,5018187,2,240
3343767,5018186,2,240
3343815,3730093,2,203
3343815,3730094,2,241
3343762,7964960,2,244
3343770,8007414,2,202
3343787,7921127,2,217
3343768,5138167,2,285
3343787,7921128,2,226
3343801,7965051,2,267
3343785,2111,2,180
3343798,4036211,2,205
3343785,2112,2,180
3343768,2053,2,600
3343777,967988,2,180
3343767,7921092,2,222
3343767,7921091,2,249
3343767,7921093,2,216
3343762,8321709,2,234
3343772,4036824,2,253
3343777,6591450,2,217
3343761,7986263,2,282
3343785,7931563,2,209
3343785,7931562,2,195
3343772,1712,2,180
3343785,7931816,2,215
3343787,5138083,2,193
3343785,7931817,2,216
3343792,4037178,2,197
3343792,4037177,2,215
3343778,7931521,2,253
3343775,4037046,2,270
3343778,7931522,2,207
3343785,7931815,2,228
3343773,8007416,2,230
3343768,2224140,2,233
3343768,2224141,2,233
3343768,8007412,2,234
3343786,4037189,2,209
3343786,4037187,2,195
3343786,4037188,2,191
3343764,4037204,2,211
3343768,8007411,2,249
3343810,5675657,2,203
3343810,5675656,2,286
3343769,4036655,2,192
3343769,4036656,2,282
3343767,5138223,2,270
3343809,3619914,2,203
3343809,3619913,2,191
3343769,8033016,2,199
3343778,967988,2,180
3343778,967989,2,180
3343767,3893342,2,228
3343762,7964959,2,232
3343767,3893341,2,222
3343767,3893344,2,233
3343767,3893343,2,216
3343809,3619944,2,203
3343796,2094,2,180
3343809,3619943,2,191
3343771,7931377,2,198
3343783,7931564,2,196
5478402,3343806,2,200
5478402,3343805,2,200
3343768,7176245,2,240
3343768,7176246,2,240
3343775,8007417,2,200
3343768,7931329,2,249
3343778,1766,2,180
3343786,7986278,2,209
3343778,1767,2,180
3343786,2111,2,180
3343802,7964987,2,267
3343786,2112,2,180
3343771,8007415,2,195
3343767,3893339,2,249
3343796,2081,2,180
3343768,7931331,2,242
3343768,7931330,2,234
3343785,4044993,2,197
3343786,7986280,2,216
3343785,4044994,2,217
3343790,7931766,2,280
3343790,7931767,2,207
3343767,3893340,2,256
3343787,6904251,2,193
3343808,3781667,2,186
3343810,5675627,2,191
3343808,3781668,2,297
3343765,7653691,2,193
3343770,7900034,2,199
3343778,7931568,2,217
5478369,3343801,2,269
5478369,3343802,2,269
3343765,7932232,2,193
4723807,3343801,2,245
4723807,3343802,2,245
3343756,2537,2,180
3343815,3687041,2,212
3343766,2336,2,180
3343811,3619938,2,261
3343786,4044993,2,197
3343786,4044994,2,217
3343811,3619937,2,249
3343811,3686551,2,232
3343777,7170694,2,207
3343755,2241,2,180
4723814,3343806,2,220
3343775,7945889,2,270
3343794,3747939,2,220
3343794,3747938,2,208
3343768,7176291,2,249
3343778,7899413,2,207
3343778,7899414,2,243
3343778,7931372,2,217
3343776,7931375,2,189
3343778,7899415,2,256
3343778,7931373,2,231
3343776,7931374,2,281
3343778,7899412,2,253
3343767,5018223,2,249
4723814,3343805,2,220
3343764,7932278,2,202
3343777,7932163,2,204
3343812,5675624,2,199
3343802,7898856,2,245
3343802,7898855,2,269
3343769,8007414,2,202
3343768,4036658,2,256
3343764,4008208,2,222
3343767,4036755,2,236
3343767,4036754,2,234
3343767,4036753,2,256
4723811,3343804,2,198
3343767,4036752,2,249
4723811,3343803,2,198
3343767,4036756,2,242
3343768,4036657,2,236
3343770,1702,2,180
3343807,8219784,2,189
3343772,7931377,2,198
3343807,8219783,2,277
3343786,7965032,2,217
3343786,7965033,2,195
3343803,5325162,2,226
3343804,8219807,2,224
3343803,5325161,2,226
3343803,8219790,2,198
3343807,3686299,2,221
3343808,3663669,2,189
3343757,7932010,2,198
3343804,5325162,2,226
3343788,5231615,2,220
3343804,5325161,2,226
3343335,7920930,2,225
3343807,3663565,2,189
3343334,7275676,2,225
3343811,5675624,2,199
3343764,7275322,2,202
3343762,7933285,2,249
3343762,7933284,2,234
3343762,7933287,2,230
3343770,8033016,2,199
3343762,7933286,2,234
3343807,3686464,2,186
3343783,4037266,2,196
3343764,1982,2,180
3343764,1980,2,180
3343755,1657,2,180
3343335,7911736,2,251
3343764,7653690,2,209
3343778,7899456,2,217
3343811,3686552,2,199
3343817,3619878,2,200
3343807,3686492,2,186
3343808,3663640,2,189
3343776,4036981,2,257
3343796,7932071,2,187
3343785,4037189,2,209
3343789,7931847,2,280
3343775,2487,2,180
3343780,4044991,2,286
3343785,4037188,2,191
3343789,7931848,2,207
3343775,2488,2,180
3343785,4037187,2,195
3343786,7965031,2,215
3343788,7921172,2,209
3343764,7653689,2,239
3343786,7965030,2,228
3343788,7921171,2,241
3343796,7932070,2,207
3343791,7920854,2,215
3343791,7920853,2,197
3343771,2457,2,180
3343795,7932070,2,207
3343795,7932071,2,187
3343808,3663639,2,186
3343334,4009392,2,410
3343770,2447,2,180
3343757,3812987,2,231
3343335,7920767,2,201
3343787,4459262,2,220
3343335,7920766,2,225
3343807,3663594,2,189
3343785,7931852,2,205
3343785,7900448,2,195
3343785,7900449,2,209
3343335,7920760,2,191
3343768,7931380,2,236
3343768,7931381,2,256
3343817,3619898,2,236
3343754,7921329,2,280
3343785,7965033,2,195
3343785,7900241,2,217
3343785,7965031,2,215
3343785,7965032,2,217
3343767,7991813,2,270
3343766,7653691,2,193
3343767,7991804,2,285
3343768,7991804,2,285
3343756,5121368,2,269
3343785,7900240,2,209
3343785,7965030,2,228
3343788,7931770,2,209
3343789,7931822,2,274
3343761,1897,2,180
3343789,7931821,2,199
3343811,5675660,2,232
3343812,3686551,2,232
3343786,7931817,2,216
3343812,3686552,2,199
3343755,3812988,2,268
3343785,7900239,2,197
3343786,7931816,2,215
3343770,7931378,2,192
3343786,7931815,2,228
3343770,7931379,2,282
3343787,7920982,2,226
3343775,7275216,2,270
3343788,7931769,2,200
3343812,3619938,2,261
3343812,3619937,2,249
3343761,7933285,2,249
3343761,7933286,2,234
3343761,7933284,2,234
3343775,1678,2,180
3343761,7933287,2,230
3343760,7986323,2,217
3343769,2447,2,180
3343768,2314,2,180
3343768,2313,2,180
3343775,1677,2,180
3343768,7991813,2,270
4723813,3343806,2,309
4723813,3343805,2,309
3343807,3619744,2,186
3343807,3619743,2,262
3343753,7921329,2,280
3343766,4008206,2,226
3343765,2336,2,180
3343757,3812986,2,207
3343763,4037204,2,211
3343795,2081,2,180
3343335,7275676,2,225
3343336,7913257,2,270
6591842,3343777,2,217
3343336,7913256,2,199
6591842,3343778,2,217
3343786,7931852,2,205
3343808,3686299,2,221
3343803,7898876,2,317
3343774,2001,2,180
3343788,4459262,2,220
5478373,3343803,2,240
3343782,7931566,2,257
3343788,7931850,2,200
5478373,3343804,2,240
3343788,7931851,2,209
3343766,1869,2,180
3343771,4036824,2,253
3343801,7898855,2,269
3343816,3687041,2,212
3343801,7898856,2,245
3343808,5675629,2,277
3343764,7913224,2,211
3343786,4459257,2,209
3343786,4459258,2,217
3343804,7898857,2,252
3343804,7898859,2,245
3343804,7898858,2,264
3343777,7931372,2,217
3343777,7931373,2,231
3343803,7898859,2,245
3343818,3619770,2,200
3343334,7911800,2,191
3343761,2293,2,180
3343803,7898858,2,264
3343803,7898857,2,252
3343818,3619772,2,257
3343755,7931985,2,209
3343818,3619771,2,295
3343755,7931986,2,198
3343786,7931527,2,197
3343786,7931528,2,217
3343816,3730093,2,203
3343816,3730094,2,241
3343777,1766,2,180
3343777,1767,2,180
3343787,5231615,2,220
3343766,7991811,2,186
3343768,4459244,2,242
3343777,7931342,2,207
3343777,7931341,2,204
3343768,4459242,2,249
3343768,4459243,2,234
3343763,7913224,2,211
3343334,7913261,2,251
3343334,7913260,2,191
3343787,7921038,2,199
3343768,2102,2,600
3343334,7920835,2,191
3343804,8219790,2,198
3343808,5675654,2,189
3343785,4459257,2,209
3343775,7920959,2,270
3343788,7931819,2,201
3343809,5675627,2,191
3343785,4459258,2,217
3343817,3619293,2,200
3343758,7931788,2,232
3343758,7931789,2,207
3343334,7920695,2,201
3343334,7920694,2,225
3343788,7931818,2,217
3343769,4036825,2,192
3343802,7965051,2,267
3343786,4036642,2,195
3343769,4036826,2,282
3343813,5688850,2,239
3343766,7991806,2,226
3343819,5675676,2,83
3343763,7899675,2,211
3343786,4036643,2,191
3343765,4008206,2,226
3343758,7931984,2,264
3343813,5688849,2,233
3343825,5675607,2,85
3343759,7986323,2,217
3343768,5018187,2,240
3343768,5018186,2,240
3343786,7931562,2,195
3343796,7900255,2,205
3343796,7900254,2,222
3343788,7921127,2,217
3343778,7932202,2,217
3343796,7900257,2,207
3343788,7921128,2,226
3343786,7931563,2,209
3343796,7900256,2,187
3343785,4036642,2,195
3343785,4036643,2,191
3343809,5675656,2,286
3343788,5138083,2,193
3343809,5675657,2,203
3343780,7931524,2,286
3343784,7931564,2,196
3343768,4008283,2,225
3343770,4036656,2,282
3343770,4036655,2,192
3343766,4008281,2,186
3343796,7900440,2,207
3343796,7900441,2,205
3343758,7931751,2,252
3343764,7913295,2,245
3343800,4036199,2,192
3343792,1698,2,180
3343804,7898876,2,317
3343790,7931821,2,199
3343808,3686492,2,186
3343337,7913257,2,270
3343790,7931822,2,274
3343778,6591526,2,229
3343778,7931341,2,204
3343779,4044991,2,286
3343795,7900441,2,205
3343795,7900440,2,207
3343763,2172,2,180
4723894,3343806,2,200
3343769,7931378,2,192
3343769,7931379,2,282
3343813,3619864,2,239
3343813,3619865,2,233
3343758,3812986,2,207
3343763,2170,2,180
3343758,3812987,2,231
3343758,7931730,2,232
3343777,7931568,2,217
3343761,7931862,2,192
3343761,7931861,2,209
4723894,3343805,2,200
3343778,7931342,2,207
3343781,4037267,2,257
3343763,7913295,2,245
3343768,5138223,2,270
3343795,3747943,2,224
3343337,7913256,2,199
3343795,3747942,2,224
3343793,3747939,2,220
3343806,8219788,2,309
3343806,8219787,2,216
3343793,3747938,2,208
3343806,8219786,2,200
3343808,7931463,2,277
3343787,7931818,2,217
3343787,7931819,2,201
3343773,7931375,2,268
3343758,7931729,2,200
3343773,7931376,2,198
4022887,3343764,2,222
4022887,3343763,2,222
3343756,7931986,2,198
3343756,7931985,2,209
3343802,8219794,2,269
3343802,8219793,2,245
3343339,7013425,2,203
3343339,7013424,2,189
3343758,7945946,2,231
3343805,7986462,2,200
3343805,7986463,2,235
3343805,7986464,2,309
3343765,1869,2,180
3343795,7900254,2,222
3343795,7900255,2,205
3343795,7900256,2,187
3343795,7900257,2,207
3343812,5675660,2,232
3343767,7900286,2,233
3343808,3619743,2,262
3343808,3619744,2,186
3343784,7931526,2,200
3343335,7921344,2,251
3343756,1657,2,180
3343772,8033023,2,253
3343335,7921343,2,191
3343753,8367284,2,280
3343783,4044992,2,200
3343782,7931524,2,277
5478377,3343806,2,220
5478377,3343805,2,220
3343767,7900224,2,242
3343767,7900223,2,228
3343777,7931522,2,207
3343777,7931521,2,253
3343767,7900220,2,249
3343767,7900221,2,256
3343767,7900222,2,234
3343768,7900221,2,256
3343768,7900220,2,249
3343790,3747934,2,242
3343768,7900223,2,228
3343790,3747935,2,240
3343768,7900222,2,234
3343808,3686464,2,186
3343763,7275322,2,202
3343800,7946019,2,258
3343809,3686545,2,203
3343809,3686543,2,286
3343800,7946020,2,258
3343782,4044991,2,277
3343809,3686546,2,191
3343790,7931848,2,207
3343790,7931847,2,280
3343807,7931515,2,186
3343765,4008281,2,186
3343788,7920982,2,226
3343818,3619739,2,200
3343818,3619730,2,236
3343758,7945990,2,231
3343758,7945989,2,207
3343786,7921173,2,205
3343786,7921174,2,191
3343807,3663714,2,186
3343779,7899614,2,191
3343771,4036654,2,253
3343334,7921344,2,251
3343334,7921343,2,191
3343334,3813503,2,243
3343787,7931850,2,200
3343787,7931851,2,209
3343334,3813502,2,217
3343758,7932010,2,198
3343335,4009392,2,410
3343803,8219807,2,224
3343803,5411275,2,217
3343334,4473039,2,225
3343818,3619293,2,200
3343777,7899456,2,217
3343800,3813542,2,261
3343800,3813543,2,198
3343780,7899614,2,191
3343805,7931513,2,227
3343791,3747937,2,221
3343791,3747936,2,234
